BRCA Baseline Logistic Regression - 10 Runs

Metric                     Mean        Std        Min        Max
------------------------------------------------------------
Accuracy                 0.8207     0.0199     0.7933     0.8541
Macro F1                 0.7319     0.0326     0.6780     0.7817
Weighted F1              0.8131     0.0210     0.7803     0.8479
Macro Recall             0.7278     0.0236     0.6781     0.7599
Weighted Recall          0.8207     0.0199     0.7933     0.8541

Per-run details:
 run       seed  accuracy  macro_f1  weighted_f1  macro_recall  weighted_recall
   1  546240235  0.817629  0.736037     0.813419      0.740202         0.817629
   2  674531825  0.793313  0.678046     0.780275      0.678135         0.793313
   3   50216902  0.811550  0.743531     0.807104      0.733389         0.811550
   4 2110197923  0.854103  0.781650     0.847877      0.759935         0.854103
   5  408411840  0.820669  0.727124     0.808002      0.730315         0.820669
   6 1734631578  0.835866  0.733200     0.826094      0.727770         0.835866
   7 2038356670  0.796353  0.697231     0.787458      0.710879         0.796353
   8  567495157  0.805471  0.699917     0.800982      0.707952         0.805471
   9 2146364284  0.841945  0.754198     0.836942      0.740529         0.841945
  10 1946651857  0.829787  0.767614     0.822869      0.749378         0.829787